0.0
1.4621315464749193e-07
1.1696282759916451e-06
3.947062560952751e-06
9.354563835677412e-06
1.8267026292003927e-05
3.155780672995691e-05
5.009834147459355e-05
7.475776413522206e-05
0.00010640252437467412
0.0001458960078558648
0.00019409815753227908
0.00025186509644859953
0.00032004875221680607
0.00039949648333261964
0.0004910507074960234
0.0005955485320989981
0.0007138213870426305
0.0008466946600443892
0.0009949873345958607
0.0011595116307294845
0.0013410726487520092
0.0015404680161009016
0.0017584875374785994
0.001995912848418005
0.0022535170724313977
0.0025320644818928317
0.0028323101628030672
0.0031549996835838617
0.003500868768047026
0.003870642972681651
0.004265037368401052
0.0046847562268890475
0.005130492711683053
0.005602928574129737
0.006102733854346301
0.00663056658731874
0.007187072514265952
0.007772884799396335
0.008388623752180926
0.009034896555265307
0.009712296998139136
0.010421405216680515
0.011162787438689148
0.011936995735520178
0.012744567779927413
0.01358602661022229
0.014461880400851945
0.015372622239497244
0.016318729910788046
0.01730066568673118
0.018318876123942687
0.01937379186777323
0.020465827463412897
0.021595381174057945
0.02276283480621942
0.02396855354225015
0.02521288578016373
0.02649616298081571
0.027818699522513785
0.029180792563121144
0.030582721909713173
0.0320247498958449
0.03350712126648277
0.035030063070651374
0.03659378456184233
0.03819847710622874
0.039844314098725686
0.04153145088693344
0.043260024702996905
0.04503015460341113
0.04684194141679901
0.04869546769968476
0.050590797700281645
0.052527977330310824
0.054507034144862784
0.05652797733031083
0.05859079770028165
0.06069546769968477
0.06284194141679902
0.06503015460341113
0.06726002470299691
0.06953145088693341
0.07184431409872565
0.0741984771062287
0.07659378456184229
0.07903006307065134
0.08150712126648274
0.08402474989584491
0.08658272190971318
0.08918079256312114
0.0918186995225138
0.09449616298081573
0.09721288578016374
0.0999685535422501
0.10276283480621937
0.10559538117405791
0.10846582746341286
0.1113737918677732
0.11431887612394266
0.11730066568673116
0.12031872991078801
0.12337262223949721
0.12646188040085193
0.12958602661022225
0.1327445677799274
0.13593699573552015
0.13916278743868915
0.1424214052166805
0.14571229699813915
0.1490348965552653
0.15238862375218093
0.15577288479939633
0.1591870725142659
0.16263056658731867
0.16610273385434624
0.16960292857412967
0.17313049271168296
0.17668475622688895
0.180265037368401
0.18387064297268157
0.18750086876804695
0.1911549996835838
0.194832310162803
0.19853206448189276
0.20225351707243133
0.20599591284841798
0.20975848753747856
0.21354046801610088
0.217341072648752
0.22115951163072947
0.22499498733459586
0.22884669466004437
0.23271382138704264
0.23659554853209902
0.24049105070749602
0.24439949648333265
0.24832004875221683
0.25225186509644854
0.2561940981575322
0.2601458960078558
0.2641064025243746
0.26807475776413514
0.27205009834147453
0.2760315578067299
0.28001826702629196
0.28400935456383564
0.28800394706256094
0.29200116962827594
0.2960001462131546
0.3
0.3039998537868453
0.30799883037172393
0.311996052937439
0.3159906454361643
0.31998173297370797
0.32396844219327003
0.3279499016585254
0.3319252422358647
0.3358935974756253
0.3398541039921441
0.34380590184246773
0.3477481349035514
0.35167995124778306
0.3556005035166673
0.3595089492925039
0.3634044514679009
0.3672861786129573
0.37115330533995555
0.3750050126654041
0.3788404883692704
0.38265892735124796
0.38645953198389904
0.39024151246252137
0.39400408715158197
0.39774648292756853
0.4014679355181071
0.40516768983719686
0.40884500031641613
0.4124991312319529
0.41612935702731835
0.41973496263159893
0.4233152437731109
0.42686950728831696
0.43039707142587025
0.43389726614565366
0.43736943341268125
0.44081292748573403
0.44422711520060354
0.447611376247819
0.4509651034447346
0.4542877030018608
0.4575785947833194
0.46083721256131077
0.4640630042644797
0.46725543222007254
0.47041397338977764
0.473538119599148
0.4766273777605027
0.4796812700892119
0.4826993343132687
0.48568112387605716
0.48862620813222674
0.491534172536587
0.494404618825942
0.4972371651937805
0.5000314464577498
0.5027871142198361
0.5055038370191842
0.5081813004774861
0.5108192074368788
0.5134172780902867
0.515975250104155
0.5184928787335171
0.5209699369293487
0.5234062154381576
0.5258015228937712
0.5281556859012743
0.5304685491130665
0.532739975297003
0.5349698453965889
0.5371580585832009
0.5393045323003153
0.5414092022997183
0.5434720226696892
0.5454929658551372
0.5474720226696891
0.5494092022997183
0.5513045323003152
0.553158058583201
0.5549698453965888
0.556739975297003
0.5584685491130665
0.5601556859012743
0.5618015228937712
0.5634062154381577
0.5649699369293486
0.5664928787335173
0.5679752501041551
0.5694172780902869
0.5708192074368788
0.5721813004774862
0.5735038370191843
0.5747871142198363
0.5760314464577498
0.5772371651937807
0.578404618825942
0.5795341725365871
0.5806262081322268
0.5816811238760573
0.5826993343132688
0.5836812700892119
0.5846273777605028
0.585538119599148
0.5864139733897777
0.5872554322200726
0.5880630042644799
0.5888372125613108
0.5895785947833195
0.5902877030018608
0.5909651034447347
0.591611376247819
0.5922271152006038
0.592812927485734
0.5933694334126813
0.5938972661456536
0.5943970714258703
0.5948695072883169
0.595315243773111
0.5957349626315989
0.5961293570273184
0.596499131231953
0.5968450003164162
0.5971676898371969
0.5974679355181072
0.5977464829275686
0.598004087151582
0.5982415124625213
0.5984595319838991
0.5986589273512479
0.5988404883692705
0.5990050126654041
0.5991533053399556
0.5992861786129573
0.599404451467901
0.599508949292504
0.5996005035166674
0.5996799512477832
0.5997481349035514
0.5998059018424677
0.5998541039921441
0.5998935974756253
0.5999252422358647
0.5999499016585254
0.5999684421932701
0.5999817329737079
0.5999906454361643
0.599996052937439
0.599998830371724
0.5999998537868453
0.6
